    unsorted:	 88.82644043 88.82644043 88.82644043 88.82644043 88.82644043 88.82644043 88.82644043 88.82644043 88.82644043 88.82644043 88.82644043 88.82644043 88.82644043 88.82644043 88.82644043 88.82644043 0.004934900897 0.004934900897 0.004934950257 88.82652036 0.08129243839 0.09117942041 0.1007143861 0.03919343720 0.7112401906 0.6967220808 1.362591282 88.83149094 9.074315908 48.54082356 78.44834887 116.2410322 119.2710751 247.2316241 191.1240560 388.9273136 673.0614061 591.3389853 796.7566124 756.5971982 858.0796003 1173.762417 1120.095733 1267.087971 1933.800992 2024.833257 2586.481733 2952.947426 3611.326113 4603.154555 6598.799273 9288.194599 9481.702794 11339.16889 22672.65149 31112.45222 50718.03051 64038.96227 73660.34170 85442.44756 106508.2638 165065.2748 190974.4887 527634.8520 597205.9347
      sorted:	 0.004934900897 0.004934900897 0.004934950257 0.03919343720 0.08129243839 0.09117942041 0.1007143861 0.6967220808 0.7112401906 1.362591282 9.074315908 48.54082356 78.44834887 88.82644043 88.82644043 88.82644043 88.82644043 88.82644043 88.82644043 88.82644043 88.82644043 88.82644043 88.82644043 88.82644043 88.82644043 88.82644043 88.82644043 88.82644043 88.82644043 88.82652036 88.83149094 116.2410322 119.2710751 191.1240560 247.2316241 388.9273136 591.3389853 673.0614061 756.5971982 796.7566124 858.0796003 1120.095733 1173.762417 1267.087971 1933.800992 2024.833257 2586.481733 2952.947426 3611.326113 4603.154555 6598.799273 9288.194599 9481.702794 11339.16889 22672.65149 31112.45222 50718.03051 64038.96227 73660.34170 85442.44756 106508.2638 165065.2748 190974.4887 527634.8520 597205.9347
