    unsorted:	 313.8373365 307.0982254 308.1902824 304.8159983 316.1547892 327.4946852 328.8334016 334.9978169 294.9530612 341.8069505 285.4062541 279.7380101 277.9495622 277.1377413 357.4762501 359.2340166 389.0499564 391.9570606 397.9482001 398.6772742 255.2113436 420.3332907 443.9914365 455.9009926 486.5071548 521.8364862 527.6757029 562.0057076 586.4713192 157.4597548 610.8874699 664.4626396 653.8608628 695.3610868 704.4639546 102.4719924 87.97882947 6.598245929 3.270538501 2.345201890 0.2028702267 11.07633790 23.06336248 22.73524318 36.55447092 796.3866800 842.0349727 866.7128577 932.6874200 991.4941392 1052.848691 1089.906069 1114.788828 1192.949820 1249.532498 1363.078380 1385.278444 1490.507421 1575.845881 1696.685160 1738.228873 1827.182243 1905.099217 1925.508768 2113.575074 2355.567505 2415.141252 2660.464236 2823.818651 2979.095469 3088.072955 3977.169656 4366.373526 4689.895656 5082.662265 6529.216843 6897.044915 8254.667492 9005.918299 13134.17365 16170.84336 22273.47016 22338.59765 33468.24920 46690.51815 188785.7378 917226.2660 8951264.957
      sorted:	 0.2028702267 2.345201890 3.270538501 6.598245929 11.07633790 22.73524318 23.06336248 36.55447092 87.97882947 102.4719924 157.4597548 255.2113436 277.1377413 277.9495622 279.7380101 285.4062541 294.9530612 304.8159983 307.0982254 308.1902824 313.8373365 316.1547892 327.4946852 328.8334016 334.9978169 341.8069505 357.4762501 359.2340166 389.0499564 391.9570606 397.9482001 398.6772742 420.3332907 443.9914365 455.9009926 486.5071548 521.8364862 527.6757029 562.0057076 586.4713192 610.8874699 653.8608628 664.4626396 695.3610868 704.4639546 796.3866800 842.0349727 866.7128577 932.6874200 991.4941392 1052.848691 1089.906069 1114.788828 1192.949820 1249.532498 1363.078380 1385.278444 1490.507421 1575.845881 1696.685160 1738.228873 1827.182243 1905.099217 1925.508768 2113.575074 2355.567505 2415.141252 2660.464236 2823.818651 2979.095469 3088.072955 3977.169656 4366.373526 4689.895656 5082.662265 6529.216843 6897.044915 8254.667492 9005.918299 13134.17365 16170.84336 22273.47016 22338.59765 33468.24920 46690.51815 188785.7378 917226.2660 8951264.957
