    unsorted:	 88.82644043 88.82644043 88.82644043 88.82644043 88.82644043 88.82644043 88.82644043 88.82644043 88.82644043 88.82644043 88.82644043 88.82644043 88.82644043 88.82644043 88.82644043 88.82644043 0.004934901000 0.004934906443 0.004934950357 88.82657085 88.83380159 0.03741740962 0.08069308710 0.1154909312 0.3605221076 0.7488016148 9.726815961 18.54312147 95.49725637 49.94239408 39.08965966 74.78126123 67.83744682 225.2328485 212.2918419 363.8357553 670.6268733 661.1639227 592.2368206 731.1788317 769.0462094 783.2461570 846.0542733 1055.386766 1306.576428 1737.315561 1706.724970 2465.157088 2860.564305 3108.632508 4971.314937 8628.456720 9243.713683 9968.645705 14373.77316 22480.42714 39928.87781 52941.62699 75958.56255 91439.48742 99118.83706 113991.6758 202319.7576 425581.1781 1123344.686
      sorted:	 0.004934901000 0.004934906443 0.004934950357 0.03741740962 0.08069308710 0.1154909312 0.3605221076 0.7488016148 9.726815961 18.54312147 39.08965966 49.94239408 67.83744682 74.78126123 88.82644043 88.82644043 88.82644043 88.82644043 88.82644043 88.82644043 88.82644043 88.82644043 88.82644043 88.82644043 88.82644043 88.82644043 88.82644043 88.82644043 88.82644043 88.82644043 88.82657085 88.83380159 95.49725637 212.2918419 225.2328485 363.8357553 592.2368206 661.1639227 670.6268733 731.1788317 769.0462094 783.2461570 846.0542733 1055.386766 1306.576428 1706.724970 1737.315561 2465.157088 2860.564305 3108.632508 4971.314937 8628.456720 9243.713683 9968.645705 14373.77316 22480.42714 39928.87781 52941.62699 75958.56255 91439.48742 99118.83706 113991.6758 202319.7576 425581.1781 1123344.686
